0 0.25083475039278347 0.259375 0.1213033491396783 0.1703125
0 0.6115182412194013 0.16875 0.12944310206654458 0.2265625
0 0.3142240429400446 0.509375 0.12619083703942985 0.2046875
0 0.45640699776050486 0.51015625 0.156041963502863 0.2328125
0 0.6032910881195844 0.50859375 0.16399990924813695 0.2578125
0 0.8493666574014253 0.51171875 0.15823169827935643 0.340625
0 0.6242338054330765 0.803125 0.15756810206654456 0.2265625
0 0.48215993492157166 0.78359375 0.10756810206654457 0.2265625
0 0.3698371969236242 0.753125 0.09340560811666876 0.209375
0 0.29552247727244113 0.90390625 0.05863063231716561 0.140625
0 0.3719122604499284 0.93359375 0.07255677693097126 0.1171875
0 0.5069457906023536 0.9546875 0.06927724082661797 0.090625