0 0.2796158188890573 0.25786808391617194 0.13231357201231528 0.18357609016268786
0 0.667333466626121 0.16325203814745698 0.1404896863754999 0.246121541958086
0 0.35150095100983114 0.5285896500747548 0.13566583098930574 0.22265677088084707
0 0.5046350413689108 0.5310430052645573 0.16709763817089804 0.25408857806243945
0 0.6640009510098311 0.5304077218906783 0.178180583916172 0.2791522105759968
0 0.9213169846782978 0.5342604714978949 0.1573660306434043 0.36811471662612105
0 0.6900650439029936 0.8477361224564124 0.1701771863754999 0.24629425878059868
0 0.5368173240554187 0.8257515172666098 0.1170521863754999 0.24598518657189175
0 0.41397017651474677 0.7922254240788599 0.09975560206654457 0.22713519262201592
0 0.33514626062731045 0.9391493792921036 0.0632181383672898 0.12170124141579279
0 0.4165280708339649 0.9620237979100142 0.0754545179539809 0.07595240417997147
0 0.5603826099633805 0.9804243399662962 0.06587043969514958 0.039151320067407624