0 0.9406229164766116 0.5375 0.08059653590796181 0.15625
0 0.8679848471947708 0.534375 0.071121541958086 0.1390625
0 0.7939115429400447 0.509375 0.05998405405833438 0.1046875
0 0.5672354134515494 0.52890625 0.06616133118569749 0.0921875
0 0.7391189829297818 0.66171875 0.07565450585373235 0.1125
0 0.8418753025062102 0.859375 0.05069086729005079 0.11875
0 0.9434650735834491 0.8546875 0.08350336729005078 0.11875
0 0.7108298355855016 0.82421875 0.03988063231716552 0.140625
0 0.653176416869395 0.796875 0.04597609621281222 0.1140625
0 0.7350753357818933 0.95390625 0.1255363311856975 0.0921875
0 0.38221045277735677 0.640625 0.01934996369925477 0.103125
0 0.2315564678044714 0.61875 0.06282725292686626 0.05625
0 0.23046666647661151 0.5375 0.04882838544042354 0.0671875
0 0.2544303655415351 0.715625 0.08931703005422928 0.04375