0 0.9326291301758662 0.4289344200908488 0.1009635780624393 0.16620678298109545
0 0.8591279976623089 0.44029916696759086 0.08836358411256384 0.14894656010845858
0 0.7802808349963264 0.4306019801011115 0.07252041549465282 0.11135565651766247
0 0.558037675453602 0.4951740610904173 0.07871587334017516 0.10201701795398091
0 0.7558979376520462 0.5932383354873058 0.08977154800821019 0.12239315046753826
0 0.8962724318965096 0.7697594079906004 0.06636131908544911 0.12694429508134383
0 0.9721945824622438 0.745099775575239 0.04762949980360816 0.1299602107723885
0 0.7580457240509874 0.7611889047691466 0.05709540339440444 0.14563975292686618
0 0.6956411728213233 0.7451462691323313 0.060065867290050964 0.1190954336450254
0 0.8088264531701401 0.8952639229195192 0.13980790944452864 0.128934041958086
0 0.39467863652057805 0.6437757084346976 0.03185905405833438 0.10486930718159222
0 0.23994568472518002 0.6524881539835796 0.07068520472226432 0.06447156615858277
0 0.22323088339732014 0.5713381479334554 0.05666815651766246 0.07220225292686618
0 0.28160139871902234 0.74364896428843 0.09563975292686618 0.056804511903856714