0 0.09649757073517866 0.5041602591733823 0.08308631468808994 0.15828519867214014
0 0.16995325206872408 0.5052955122966402 0.07351132001909004 0.14104315651766247
0 0.24628848539940607 0.48531883470173887 0.060593149347544804 0.10503293364502539
0 0.47405949673772396 0.5207149374556546 0.06827838001272682 0.09414088544042354
0 0.29108445942072325 0.6421000998270494 0.07632723734881744 0.11449883723582169
0 0.1753611041135857 0.8357551719375605 0.052980644016544697 0.12217498184962743
0 0.07054633477876757 0.825426725995895 0.08733746268299925 0.12081246974937905
0 0.3102082714433131 0.8084063558771735 0.04071700135263549 0.14241475897699055
0 0.37009180144013143 0.7846188770526084 0.04822041868236289 0.1158977107723885
0 0.27738777546144866 0.9422000937769252 0.12772610534690845 0.10073631908544911
0 0.6536480940881323 0.6454598865205782 0.019949968013999352 0.10323408430895534
0 0.8074179840865414 0.6328457361512357 0.06473520934118149 0.058185204722264315
0 0.8134947140754056 0.5507735795353774 0.049219297342454026 0.06746930113146803
0 0.7780582954328136 0.7283354981532882 0.09115225867281787 0.04583974082661779