0 0.22415894672976985 0.46484375 0.10132723734881743 0.1140625
0 0.1731493353755435 0.3109375 0.11653406667727229 0.078125
0 0.2924442280394527 0.290625 0.09792951734563574 0.090625
0 0.4261561567074981 0.30078125 0.09340564934754489 0.1046875
0 0.39196515941276905 0.58515625 0.07454656134627209 0.0953125
0 0.17798611744108594 0.79375 0.04689427601845368 0.1359375
0 0.30212305144013146 0.78671875 0.04843859468490823 0.134375
0 0.4118702214353589 0.7515625 0.04386018268618095 0.14375
0 0.4803020480983136 0.72421875 0.032359061346272 0.0953125
0 0.40525823679181244 0.921875 0.10479768268618095 0.14375
0 0.6591093954487219 0.85 0.03831816000954511 0.0703125
0 0.6333179600970411 0.71484375 0.02774428668045381 0.1015625
0 0.9455259640754058 0.55546875 0.061701116008908485 0.065625
0 0.9114515034213596 0.6484375 0.07743520401018138 0.075
0 0.755392954766041 0.73203125 0.027107940006363407 0.046875
0 0.5558629327259519 0.43671875 0.05397952267663584 0.0734375
0 0.31144077072722454 0.44609375 0.08873633068109026 0.10625