0 0.20719105060473014 0.457486288834828 0.10448860001590835 0.11778746369925486
0 0.16213418395927462 0.30096357806243945 0.1181329293443631 0.08193177693097135
0 0.2826557692950472 0.28369478571157003 0.09952838001272664 0.09432269262201594
0 0.4176665686266836 0.29698110177195697 0.09654883068109026 0.10680451190385672
0 0.37136154392109455 0.5834498668972674 0.07612724267981755 0.09731133723582168
0 0.1470775172263231 0.7891902859079618 0.05003745735199914 0.13778180113146804
0 0.27214115189373217 0.7844487646343312 0.053162457351999134 0.13779998184962744
0 0.38502295989818647 0.7522907704880637 0.047021545353271854 0.1471386204133088
0 0.4548632925684591 0.7261327914671066 0.033939742679817544 0.09706589754067192
0 0.37053210387496033 0.9233117976154268 0.10795904535327186 0.1474931444174139
0 0.6298985605506416 0.8584100020431034 0.0414613413430903 0.07211134933607007
0 0.6088604492361862 0.719215691836449 0.029324968013999354 0.10328862646343318
0 0.9309729012571853 0.5663917154477707 0.06328179734245439 0.0675511143631848
0 0.8923820212444585 0.6599235468298599 0.08059656667727211 0.07858860831306061
0 0.7312894325668682 0.7394605350241991 0.028688621339908772 0.048601126463433175
0 0.543392179941139 0.4367844660369459 0.05556020401018138 0.07531816256778648
0 0.29646263594050276 0.44003568930236625 0.09033519334818116 0.10989315046753809