0 0.20000525926959384 0.4683358677810302 0.11079314401654469 0.1225113251355733
0 0.15502111795832013 0.30610857855341883 0.12443747334499947 0.0866556383672898
0 0.2817745219605473 0.28896600946796974 0.10583292401336308 0.09904655405833437
0 0.4214364586250928 0.303777422330344 0.10130905601527189 0.11308178298109554
0 0.3679820052514583 0.6009433138208917 0.08086928668045382 0.10202610831306061
0 0.131161615889596 0.8124631176828345 0.054797682686180946 0.14405907220870695
0 0.26165763788991414 0.8093603226996862 0.05634200135263549 0.14250566256778682
0 0.3784456958943685 0.7758705909482548 0.05178177068745367 0.15341589149054774
0 0.4521831878978683 0.7496620940715127 0.037119286680453986 0.10177157825883114
0 0.3633190405395058 0.9345416090004317 0.11388178134945379 0.1194045058537327
0 0.6310428898790965 0.8868934075978169 0.04306020401018138 0.07524543969514959
0 0.6123939818985047 0.7440428322658519 0.03248633068109026 0.10643180718159222
0 0.9493683652530492 0.585842950243274 0.06800566000954475 0.07070338544042372
0 0.9076161225732315 0.6829542995793441 0.08375792934436319 0.08173178903121965
0 0.7387019432288684 0.765181513180403 0.03026930267345431 0.050172716822512696
0 0.548633663271821 0.44990246770627546 0.06030224801081765 0.0800329336450254
0 0.293164913271821 0.451388741415793 0.09663973734881744 0.11461701190385672