0 0.1375 0.11017495159900637 0.2140625 0.13249537919390764
0 0.31953125 0.06826522843178182 0.1765625 0.11040221057599679
0 0.4875 0.04189869203284073 0.175 0.07914312021691719
0 0.5109375 0.22172254741903502 0.2125 0.25123628883482796
0 0.3640625 0.3107118036655509 0.190625 0.2823590238077133
0 0.16796875 0.37910221360105895 0.3046875 0.34864762002052546
0 0.51015625 0.47328050223949514 0.08125 0.18016019867214011
0 0.65078125 0.5631611345566607 0.146875 0.19772949375348398
0 0.6765625 0.7398736254814745 0.1390625 0.157059041958086
0 0.55859375 0.7055935533709634 0.1046875 0.1490465540583344
0 0.38828125 0.9197181232419794 0.1109375 0.16056375351604119
0 0.603125 0.9121026286047325 0.125 0.1741647287263696