0 0.22347331532463674 0.06275803347207486 0.2014181440165447 0.12303856596219107
0 0.4103102439926822 0.05256113729664014 0.16686133068109027 0.10512227459328027
0 0.5830483099936365 0.04542054254726117 0.16827838001272682 0.09084108509452234
0 0.5697563272995015 0.2458871333973201 0.1791624306969986 0.22446471057599685
0 0.41042623329091105 0.3100910548439013 0.15147378270208928 0.26180108411256364
0 0.20534783461968398 0.34487564188333125 0.25984990404199804 0.3108658188890573
0 0.5239149265993213 0.4930121182720096 0.05359880935708983 0.17529998184962742
0 0.6452530299172765 0.6055797750842595 0.11929653469127163 0.18193177693097126
0 0.6377025172263231 0.7845178413410382 0.11880563868554468 0.13974427693097127
0 0.5281826139004137 0.7304712116561513 0.08439427601845377 0.13641928903121964
0 0.321322444541733 0.9183807986955813 0.08773745202099903 0.1551874697493787
0 0.5344582438733695 0.9296399646812133 0.10000109468490823 0.13494769262201595