0 0.16899998487468948 0.04493233402290804 0.21443520472226432 0.06655334269572592
0 0.36577044574527384 0.02925443204963408 0.1752727107723885 0.048911309357089816
0 0.5477380632317166 0.020435057407678398 0.17672612646343316 0.030179490690635257
0 0.5432965238077134 0.19693392274026933 0.19672150565734087 0.24446016669318063
0 0.3773084303253758 0.2668726107176794 0.1688237646343312 0.28319540268936255
0 0.16193796037960506 0.30811358668840805 0.2832044272021178 0.33921014003818006
0 0.5073237041330891 0.45899757073517866 0.062028343089554204 0.1882090720082724
0 0.6431435503459012 0.5746327560868597 0.13238629488495235 0.19683973201781732
0 0.6442480289740747 0.7644765060868596 0.12900676483072288 0.15305336935072641
0 0.5259702067653678 0.7099788154041786 0.09304199375348396 0.14794769867918128
0 0.3177860438047977 0.912230016709089 0.09784766842151908 0.16831474267981755
0 0.5420729714978949 0.9231124253659985 0.11186471662612103 0.153775149268003