0 0.6375711602300955 0.3943475020431034 0.09592155405833439 0.10524201190385662
0 0.5509387686413519 0.3789992371141847 0.08484769867214012 0.08174087939029935
0 0.4619262656162898 0.3698873366466464 0.0989738311856975 0.09276019262201593
0 0.2471461481298472 0.357699912273199 0.09884656615858275 0.07088519262201594
0 0.3042541453011768 0.4791300055591449 0.10048178903121974 0.08339428298109546
0 0.20744732299427393 0.4668476532962086 0.04414997579950315 0.06900453005422928
0 0.5883791604264873 0.5237532009116354 0.1710488190854491 0.12755334913967822
0 0.23884224785870067 0.5764090056573408 0.15226245764913057 0.12119426483072289
0 0.22240366072107493 0.7161618520665446 0.18655564441741398 0.1073317527304745
0 0.7040940222555893 0.7775599778426067 0.08814541549465282 0.11144656010845858
0 0.5339628085563344 0.8796986738824681 0.1272897287263694 0.1257363190854491
0 0.39432359163562586 0.8437288367448424 0.07409200585373243 0.1129272468767418
0 0.7858904855620605 0.41552358615566715 0.12090337334017516 0.10226245764913049