0 0.615794438613957 0.3846723774453918 0.09020792401336308 0.09895565046753826
0 0.5299478452816843 0.3773598471947707 0.07899770401018139 0.0754545179539809
0 0.44325636728200235 0.37552061212368953 0.09474997334499946 0.08648292154477702
0 0.23305466394813873 0.3806495154198981 0.09449543467536321 0.0646079215447771
0 0.29657117659932125 0.49433476551809397 0.09462270401018139 0.07554542154477702
0 0.20132231126673034 0.4894205274219507 0.03982611600890866 0.06585225897699054
0 0.5760041379296851 0.5145825912428424 0.16226473734881744 0.11499880698520074
0 0.23917575258595827 0.5930995184449601 0.14346019334818116 0.11020222267624505
0 0.23210704523395914 0.7306313347017388 0.17917951734563572 0.09166130093507655
0 0.703691143897232 0.7528860462596942 0.08090564934754489 0.10515110831306043
0 0.5445877692155054 0.8647416725267357 0.12009541868236298 0.11631586729005079
0 0.40736957988545985 0.841322874125742 0.06531701201463562 0.10818520472226431
0 0.7617609192791388 0.3947599288714475 0.11515338001272682 0.09441359621281213