0 0.6381691831540461 0.37619394724700395 0.08493860226293641 0.097856792011454
0 0.5452186138722054 0.3804007365929579 0.07698065651766228 0.07276588534372674
0 0.45152315602668314 0.3908666166056846 0.09109769867214013 0.08230451734563582
0 0.22826746320827543 0.42471654730268327 0.09407725292686617 0.057340880012726636
0 0.31252480942108757 0.5378063459580019 0.09260565651766246 0.07294769867918127
0 0.21022196603694585 0.5460284733052285 0.034756795081344015 0.06602498933799979
0 0.6147912913689109 0.5210070079169584 0.16309996369925486 0.1050158586887262
0 0.26630886045435986 0.6516330359643654 0.14277837334017515 0.10321700135263541
0 0.27967244456692353 0.7999250852960017 0.1848295179539809 0.08027039735836254
0 0.7880571163080923 0.7580695612269595 0.0740556444174139 0.10710452267663602
0 0.6341877486252578 0.9004945132479584 0.11471700585373253 0.11382723734881779
0 0.48335650165032007 0.8936552619350939 0.056886325135573304 0.11002952800763595
0 0.795936231358648 0.3665451325589141 0.11300906010845857 0.08880905601527207