0 0.3212450072804115 0.3936345580442252 0.09694882001909004 0.1417340613462721
0 0.42412455927754805 0.4159282760582245 0.08264996268299925 0.12125792934436319
0 0.52155354260823 0.4365958594048148 0.12022268801718106 0.1279442813494537
0 0.6340080892743664 0.4418111654200869 0.10897610534690845 0.10125451201463562
0 0.7385501386060028 0.4555293147676317 0.06649770401018137 0.07576361600890866
0 0.3588706345878673 0.5847231820496341 0.14998291335136288 0.1345397266868172
0 0.4797462085853219 0.604882235399406 0.11248291335136287 0.1341033746817267
0 0.8540553179105951 0.6686207554503129 0.08428518801718106 0.12752611067790856
0 0.9428632792409587 0.6915320914624031 0.09049882535009032 0.1244738360120902
0 0.8989207332113693 0.9060399270567927 0.14754880402608989 0.1879201458864145
0 0.20351261461650233 0.37194936736154416 0.08848179201145401 0.08539315467854483
0 0.21088493121423277 0.8799164086966804 0.06093859468490823 0.13506589067472702
0 0.02758136861475239 0.8003999893379998 0.05516273722950478 0.07100339067472702