0 0.3391137599459116 0.40243739337999784 0.09693063868554459 0.14017156134627218
0 0.43959501794241174 0.4293913393936791 0.08421246268299924 0.12127611067790856
0 0.5353887759389119 0.4562907414067238 0.12024086935072642 0.1295067813494537
0 0.645445028604412 0.46616627542167777 0.10897610534690845 0.10125451201463562
0 0.7483609432686393 0.4853349934356771 0.06649770401018137 0.07576361600890866
0 0.36737347792014 0.5926356793841341 0.1515454133513628 0.13455790802036277
0 0.48504223591664014 0.619789620066815 0.11404541335136287 0.1341215560152719
0 0.8513297599061407 0.7014059834499946 0.08584768801718105 0.12754429201145392
0 0.9385297679026408 0.7282053881285396 0.09206132535009033 0.12449201734563572
0 0.8838588072088239 0.9219691907224519 0.14723972135581712 0.15606161855509626
0 0.22536034261618415 0.37454765603118034 0.08848179201145401 0.08539315467854491
0 0.20622470321455094 0.8775181146960442 0.06248291335136287 0.13352157200827222
0 0.02764954861554781 0.7886539673376817 0.05529909723109562 0.0710579346753633