0 0.339147295768715 0.3922538713796797 0.09769313231716562 0.14175224267981754
0 0.4413456000234411 0.4184447487269063 0.08352154800821018 0.12283861067790855
0 0.5372893590986274 0.44534415073995115 0.12106699980360816 0.13108746268299926
0 0.6481723169441498 0.4560100254216778 0.10995678298109546 0.10127269334818116
0 0.751978572994274 0.4744065841024498 0.0660704275949012 0.07732611600890867
0 0.36850702196100166 0.5832334073838158 0.15078177088084715 0.13612040802036277
0 0.48710703103618797 0.6103964387332697 0.11328177088084708 0.1356840560152719
0 0.8561883082617469 0.6920400741167674 0.08512040944452863 0.12910679201145392
0 0.9443150221573934 0.7196298194620849 0.09291472872636959 0.12607269867918128
0 0.8907804351179636 0.9180629407224519 0.14944652985783763 0.16387411855509626
0 0.22368137705260832 0.3635647026973167 0.08956246974937895 0.08697383601209037
0 0.2074639410698918 0.8680976613621805 0.061719270880847076 0.13508407200827222
0 0.028305244539050985 0.7792607860041362 0.05661048907810197 0.07102157200827239