0 0.6270233872931382 0.2997617098886257 0.08601132001909004 0.14111587939029935
0 0.5323830492918655 0.3085867431643089 0.08428518801718106 0.12704428903121973
0 0.4393506646244565 0.3135146167990716 0.07603633601209037 0.08949883723582168
0 0.48883140193350305 0.492720848648699 0.1159169960216353 0.16003859621281222
0 0.6246961765993213 0.4997617098886257 0.07705449069063519 0.1769988372358217
0 0.7356154952657759 0.5019696253832786 0.12705449069063518 0.17728972872636942
0 0.8561114506285927 0.28546844749378975 0.054579506683635516 0.12530907220870696
0 0.9427938379615017 0.2890979624227085 0.10523403469127146 0.18184996369925477
0 0.6290274985678227 0.7318338665044841 0.15432606269890758 0.23838176483072288
0 0.4932536305697317 0.7169805052645574 0.1086499360279987 0.2068681444174139
0 0.4357303898790965 0.893220297517231 0.10979426535645338 0.17093973477649343
0 0.7108843838717787 0.9480140883555691 0.12465564934754489 0.10397182328886174
0 0.9554338152053241 0.9485911370907434 0.06833292401336308 0.09882838544042372