0 0.38515625 0.29708080128104786 0.09375 0.15265338001272663
0 0.4875 0.2997961739338212 0.090625 0.13699201734563574
0 0.58671875 0.3002041592536855 0.0828125 0.09783861067790856
0 0.5421875 0.4952535772597306 0.1265625 0.17491018801718106
0 0.39765625 0.5117791006126844 0.0828125 0.19158861067790872
0 0.278125 0.5202012226289108 0.1375 0.19378745735199915
0 0.13984375 0.2952477706476827 0.059375 0.13506589067472685
0 0.0515625 0.30486876599300033 0.103125 0.19651246801399935
0 0.40234375 0.7609433066120479 0.165625 0.25973972135581713
0 0.546875 0.7358240332590944 0.1171875 0.22480110001590817
0 0.61640625 0.909233713916322 0.11875 0.1638817813494537
0 0.32265625 0.9673393046228658 0.1328125 0.05935791335136287
0 0.059375 0.9797778593252732 0.075 0.03993520401018138