0 0.7 0.27483376913233126 0.1109375 0.1615829154946528
0 0.59765625 0.2668354376520462 0.10625 0.145930644417414
0 0.49921875 0.25647063027406214 0.0921875 0.10522383118569749
0 0.5203125 0.45478541042648735 0.1453125 0.18678290339440445
0 0.6625 0.4859894377502421 0.1046875 0.19748405405833439
0 0.77890625 0.5071872059988106 0.1578125 0.20716812626704134
0 0.94375 0.2984156731159109 0.075 0.13949883723582168
0 0.98359375 0.31380886895938065 0.0328125 0.1986283975406719
0 0.62734375 0.7330689708295335 0.1953125 0.27457379488495237
0 0.4859375 0.6932666483262389 0.1421875 0.23520222267624522
0 0.39375 0.8703654795119362 0.1390625 0.197684041958086
0 0.67578125 0.9538809196980653 0.1453125 0.08522040339440444
0 0.91171875 0.979070775477043 0.0390625 0.03147725897699054