0 0.6910447191602038 0.48300887742676846 0.051953385440423536 0.06778748400699967
0 0.7628969932625047 0.4799389687698589 0.058267017953980725 0.0787977093411815
0 0.8269322221852657 0.47599690344522216 0.04101588544042371 0.0676602146721816
0 0.8823782462875668 0.4727360907860854 0.044149975799503235 0.0692590773392725
0 0.9323100685944696 0.46159914345953973 0.05682269262201593 0.09909202800763595
0 0.976809502337691 0.4566485614655848 0.04425906010845857 0.0880090773392725
0 0.8972088816297946 0.6049309727879943 0.07109427088084708 0.13519316000954512
0 0.795541842500379 0.5857804361075405 0.12877950585373252 0.11399086935072641
0 0.9367384933607006 0.8897605061266305 0.12652301327859874 0.1343033693507266
0 0.697295760921898 0.7518134214274047 0.04722043364502539 0.05992044000636341
0 0.7779786552411162 0.9238344194382224 0.08012383723582168 0.07592724801081766