0 0.6410913607176795 0.3720769286750558 0.08261360001590834 0.11766019867214013
0 0.555299311386043 0.38507689842443477 0.08862724267981754 0.09738406010845857
0 0.47124248472308833 0.4129115278147341 0.10296246268299925 0.12090337334017516
0 0.38714020472627003 0.43683990720503346 0.07147610534690844 0.10040906615858276
0 0.3350419027291335 0.45823818423420065 0.054106792011454005 0.08468407220870695
0 0.18238052673454233 0.49897278942400314 0.08857269867918127 0.09269656010845857
0 0.26739242075108705 0.6203614552132436 0.1217670066836356 0.12569995764913067
0 0.6055549447405875 0.5410450972929667 0.1969306386855445 0.14019879488495235
0 0.2987798754375861 0.766282488390731 0.11437267735518084 0.1615920058537325
0 0.21594010343726797 0.7644205274219507 0.07630905601527208 0.11293633723582168
0 0.2379434674569943 0.9096148527539156 0.09193405601527208 0.11302724082661797
0 0.33256562412472157 0.9168773860295989 0.1157170013526354 0.14285109621281222
0 0.5360360694620849 0.9453831393492486 0.09807496801399936 0.10368860226293605
0 0.6819207341263123 0.9265644407753042 0.15445223734881744 0.1149533551898024
0 0.8356077134388589 0.7725349500468822 0.09698518268618095 0.1443045119038567
0 0.7600408080442252 0.321381516205465 0.12638178134945388 0.11947722872636941