0 0.36219703561337413 0.354972047382225 0.07567268657189175 0.1164977040101813
0 0.4512913518701529 0.3614771333943154 0.08336701190385654 0.09627611067790856
0 0.5412578217177277 0.3836163100731785 0.09600336729005096 0.11985906134627218
0 0.6288487253085239 0.40025946475172336 0.06619769262201594 0.09920111600890866
0 0.6844174692583996 0.41809240209258663 0.04892837939029935 0.08493862133990877
0 0.845509505362753 0.4465275794477675 0.08489315046753845 0.09004429201145392
0 0.7712821858845207 0.5784673754375861 0.11632495764913067 0.12165791868236298
0 0.4170941347530525 0.5259118033895429 0.19449540944452864 0.1303794853596351
0 0.7549809958947834 0.7306111307685862 0.10561471662612103 0.1605931493475449
0 0.8400781585607658 0.721445763446813 0.06940450585373234 0.11329997867599957
0 0.8323707185710285 0.8736895161123129 0.0850113251355733 0.11035679201145428
0 0.7363724173413646 0.8889776140992682 0.10863063231716552 0.1418795120146356
0 0.5312218299091512 0.9412742687380422 0.09283291549465282 0.11201019867918091
0 0.3788644443705318 0.9364928516868172 0.15386131908544903 0.12701429662636557
0 0.20531733918072925 0.7820238013605897 0.08832722267624522 0.143205654678545
0 0.23462148145684392 0.31364651869827126 0.12097609621281213 0.11546246268299924