0 0.6373970235131258 0.3777655379137767 0.0709397347764936 0.10863066000954502
0 0.5561833849494443 0.38496096725813983 0.07863406010845857 0.08840906667727219
0 0.4742748547970191 0.40700923726927574 0.09127041549465283 0.11199201734563573
0 0.39311575838781526 0.4235796666136388 0.06147383118569749 0.09289657200827221
0 0.34320666197861144 0.4397864692870931 0.04577610831306052 0.08021475867281787
0 0.19571403844204455 0.4696296053071375 0.07860678903121973 0.08372156667727211
0 0.2667310412707149 0.5899051952975926 0.10846700585373252 0.11375451201463563
0 0.5922123094210876 0.5345518872533673 0.1803965480082102 0.1239658533577261
0 0.2855088332288009 0.72875860996182 0.09930108411256366 0.1495829240133631
0 0.20733838143340283 0.7218551766390922 0.06467155405833439 0.1054329346753633
0 0.2183082185710286 0.8615807479710469 0.08027837334017515 0.102489748010818
0 0.3074479866232053 0.8738256619589564 0.10232609016268786 0.13243178668045416
0 0.4975689925751336 0.919272879933185 0.08809996369925485 0.10414315467854465
0 0.6381849022160541 0.9160740599140949 0.14447722872636942 0.12667268268618095
0 0.7935804084625699 0.7673809265595504 0.08358518052176755 0.13377611067790857
0 0.7535760145361353 0.33734852856464104 0.1131181444174139 0.10755905601527208