0 0.2328125 0.14864553649713694 0.1609375 0.22124880698520064
0 0.459375 0.1035602954741274 0.14375 0.2071205909482548
0 0.57578125 0.08682679254726117 0.1515625 0.17365358509452233
0 0.65625 0.30086954918656056 0.125 0.18353972872636942
0 0.534375 0.34845359719477076 0.1703125 0.1900533491396784
0 0.26171875 0.48597736485416404 0.196875 0.24958288524403188
0 0.50234375 0.6189524495559029 0.1359375 0.16797836123992677
0 0.57734375 0.5513286123200812 0.0796875 0.1504636083130606
0 0.5875 0.8247070249860637 0.14375 0.15083631303532458
0 0.48359375 0.9198427838648584 0.1734375 0.1556965298578376
0 0.78828125 0.5446326638443328 0.08125 0.10047269867214012
0 0.81953125 0.6842946066627406 0.0734375 0.10980224687674216
0 0.74765625 0.792525263180403 0.1125 0.18971700585373252
0 0.85859375 0.84812984768575 0.1140625 0.18347609621281222