0 0.34399491881430255 0.0921875 0.1401351623713949 0.184375
0 0.5744363977370638 0.096875 0.12300220452587247 0.19375
0 0.6931682170189044 0.1 0.13387607201231527 0.1828125
0 0.7113040969001831 0.33984375 0.10725902985783761 0.1734375
0 0.5807580788480065 0.353125 0.15258062021691715 0.175
0 0.2827473048439013 0.4140625 0.173229463502863 0.2328125
0 0.47850419067710825 0.60625 0.11966812626704133 0.1578125
0 0.5693928110904173 0.5609375 0.06491699375348396 0.146875
0 0.5069054048673424 0.82734375 0.1304874515990065 0.1375
0 0.37833043209290135 0.9046875 0.15876698770335979 0.1640625
0 0.7745752147794093 0.61015625 0.07242042154477701 0.09375
0 0.7674934469236243 0.753125 0.06309996369925486 0.103125
0 0.6693372271742453 0.8390625 0.09325107201231528 0.1828125
0 0.7610747543998041 0.91640625 0.09628516842151917 0.1671875