0 0.3394255934823376 0.07108868393961307 0.13989881303532484 0.14217736787922614
0 0.5823716175846385 0.07387253503370383 0.12274767447164336 0.14774507006740767
0 0.7073670724050987 0.07244456733693316 0.133621541958086 0.13983518052176752
0 0.7318393106976337 0.2972945764121195 0.10886698165323558 0.1818772347764936
0 0.5950251119272978 0.314496232831586 0.15730448165323557 0.1821590359079618
0 0.28290184094825477 0.38584100946796973 0.17797150565734077 0.24321471057599675
0 0.4918990701656035 0.5838371061717612 0.12282948770335977 0.1647715480082102
0 0.5867212116561513 0.5332871394474443 0.06495335518980241 0.15349770472226432
0 0.5257054018422803 0.8156638230924698 0.1352022226762452 0.14296927088084707
0 0.39162531763152075 0.9000347987937772 0.1650533491396783 0.17126698770335977
0 0.8028456605246831 0.5804656247149172 0.07401019262201594 0.09886474687674199
0 0.7980621908735 0.7312696006126164 0.0631272347764936 0.10817611436318479
0 0.6967446096878026 0.8240434287732515 0.09642152380771343 0.19117951190385654
0 0.7931423658361227 0.9055110765103154 0.09792039129415606 0.18025110226293642