0 0.35875683465945485 0.053125 0.06373633068109026 0.10625
0 0.4187403619907732 0.06796875 0.07189427601845359 0.1359375
0 0.5938858126591368 0.05546875 0.09498633068109026 0.10625
0 0.5934296372931381 0.29609375 0.10069198535963508 0.19375
0 0.40676597863622865 0.22421875 0.08606586401972649 0.1453125
0 0.3414955146403648 0.19375 0.04331474267981754 0.096875
0 0.4623058119430481 0.41953125 0.09097154002227174 0.1640625
0 0.6063076139004137 0.73359375 0.10296246268299925 0.1203125
0 0.5080161119112313 0.65390625 0.09554995202099903 0.1546875
0 0.3362229279121859 0.646875 0.05917610001590834 0.1171875
0 0.27383256325591265 0.5703125 0.0621192866804539 0.1015625
0 0.4075343065722771 0.6953125 0.08270450668363552 0.125
0 0.49755877522282327 0.8140625 0.10328972668681721 0.1484375
0 0.33421389055541423 0.81953125 0.08130563868554459 0.1390625
0 0.2682354492361863 0.715625 0.07521927068745357 0.153125
0 0.48325882320182423 0.96875 0.07728975334181776 0.0625