0 0.575 0.039282752141299324 0.0625 0.07223861436318471
0 0.5140625 0.05455322813719423 0.071875 0.10354315651766241
0 0.340625 0.04807544827935666 0.0953125 0.07555451190385667
0 0.34453125 0.2715356741770557 0.1046875 0.19748405405833439
0 0.5296875 0.19448788172799042 0.0890625 0.14895565046753823
0 0.59375 0.16282933645025474 0.0453125 0.0971386204133089
0 0.47890625 0.3918486950579029 0.0953125 0.1661795119038567
0 0.3421875 0.7105845386384363 0.1046875 0.12404655405833438
0 0.4390625 0.6275543909013725 0.1 0.15683178298109546
0 0.61015625 0.6144872852205907 0.0625 0.1191136143631848
0 0.67109375 0.5374980592246958 0.0640625 0.10349770472226431
0 0.53984375 0.665640719062008 0.0859375 0.12706246974937904
0 0.453125 0.7877924541330892 0.10625 0.1506181444174139
0 0.615625 0.7871753514773694 0.084375 0.14267837939029918
0 0.6796875 0.6828605561996337 0.078125 0.15514201795398092
0 0.47265625 0.9543794695529872 0.0828125 0.09124106089402559