0 0.2984375 0.078125 0.0546875 0.134375
0 0.35859375 0.0859375 0.0625 0.16875
0 0.52734375 0.0671875 0.0875 0.134375
0 0.54140625 0.31796875 0.0875 0.184375
0 0.35625 0.2578125 0.075 0.1375
0 0.290625 0.23203125 0.0375 0.0921875
0 0.421875 0.44453125 0.078125 0.1546875
0 0.58046875 0.7421875 0.09375 0.1125
0 0.48046875 0.6703125 0.084375 0.146875
0 0.3140625 0.67109375 0.05 0.1125
0 0.2484375 0.60078125 0.053125 0.096875
0 0.3859375 0.71484375 0.071875 0.11875
0 0.48046875 0.82578125 0.0921875 0.1390625
0 0.32265625 0.8390625 0.0703125 0.13125
0 0.25234375 0.7421875 0.0625 0.146875
0 0.475 0.9734375 0.071875 0.053125