0 0.6085689405789125 0.5378473744203297 0.05051815046753809 0.08935339149054773
0 0.4796985311343838 0.6667177838648584 0.09604881908544911 0.1271170119038567
0 0.3049803322658519 0.6192984040817755 0.06638859016268786 0.13163179508134384
0 0.24035475088376276 0.5821756539835796 0.06622496369925476 0.10350679508134383
0 0.22087752215739337 0.707284738292535 0.04584883118569749 0.09245112041330898
0 0.3844622574248663 0.9227319554096354 0.09769313231716552 0.14118860226293606
0 0.5881457936274156 0.9598269135497454 0.08167724687674216 0.07391019867214013
0 0.6493262716664141 0.3805843202637994 0.04298745159900648 0.13774543969514969
0 0.5548177475641131 0.3772280369881163 0.025709048008210188 0.12202044574527386
0 0.0405598048439013 0.4138125151253105 0.040970433645025464 0.05961134933607006
0 0.01583303649713696 0.5030250060501242 0.03166607299427392 0.07519998789975162
0 0.02484896731349206 0.6146892138956466 0.04969793462698412 0.05187157220870695