0 0.3752206302740621 0.49921875 0.05366133118569749 0.0921875
0 0.4766553443661003 0.65546875 0.10389768052176755 0.1328125
0 0.6634377268796576 0.64453125 0.07266586123992677 0.1359375
0 0.7370161274453918 0.6203125 0.0725022347764936 0.1078125
0 0.7276633324622437 0.75078125 0.050563602262936234 0.096875
0 0.5117787363476275 0.9296875 0.10706813231716553 0.140625
0 0.2976753297317692 0.93671875 0.08804542154477701 0.09375
0 0.36994784387512103 0.33125 0.04927381303532483 0.14375
0 0.46594159992524525 0.3484375 0.03042381908544911 0.1265625
0 0.9760427868899203 0.4921875 0.04255111436318444 0.0625
0 0.9786132749860638 0.5875 0.0316954275949012 0.0765625
0 0.9498337691323313 0.7 0.056568162567786476 0.0546875