0 0.4609375 0.7097129059284872 0.0578125 0.09564884328594588
0 0.45 0.8323055234149299 0.06875 0.10977497579950324
0 0.4328125 0.9423617794650541 0.0546875 0.11125566256778648
0 0.6328125 0.9044628454272452 0.0609375 0.09879202400410492
0 0.65625 0.7670992008134394 0.0640625 0.10662270472226432
0 0.803125 0.8179536945669235 0.071875 0.1441681565176623
0 0.925 0.8522564925751336 0.071875 0.14885565651766228
0 0.7984375 0.9537896379745063 0.065625 0.09242072405098725
0 0.8640625 0.9711362192583997 0.0875 0.057727561483200775
0 0.615625 0.9946777375069681 0.05625 0.010644524986063785
0 0.746875 0.6254389416400572 0.0640625 0.15818520472226433