0 0.7502034913175971 0.22922128728270388 0.22427381303532473 0.14504992134838535
0 0.5174455334720749 0.22120075078556695 0.22901585518980241 0.1544521924256242
0 0.24973131352630418 0.17900974736772138 0.2743192648307229 0.15315331283893308
0 0.4761296661820239 0.34018710012163694 0.19137949980360816 0.13079652380771334
0 0.25201038925105257 0.45867452147002225 0.272611319085449 0.12814422247985355
0 0.5027189163784156 0.46971551883774365 0.22881586729005096 0.12007719242562409
0 0.3433807986955812 0.33002228064340444 0.08514768052176755 0.13330337939029935
0 0.2504882749860637 0.5860228166495621 0.27567268657189176 0.11722490319801278
0 0.5004837298065239 0.5853496091968233 0.2255363311856975 0.09349651170746487
0 0.7714552808397962 0.4704957270760494 0.020857921544777013 0.09386817466803503
0 0.9347138049420971 0.47345203455222934 0.024137457649130667 0.12044885538619425
0 0.9678525161072692 0.6857520466524777 0.05208065046753809 0.08936248184962743