0 0.65859375 0.20070658635205887 0.2359375 0.17168514422102232
0 0.43203125 0.2298572342855143 0.240625 0.18108741529826117
0 0.16640625 0.23221812324197927 0.284375 0.18446694535249045
0 0.41328125 0.35162314997655886 0.2015625 0.15273515632127072
0 0.2171875 0.501263559912067 0.2796875 0.16100217427525151
0 0.4609375 0.4722129059284873 0.2359375 0.1466851442210224
0 0.28359375 0.36180615017295065 0.1 0.14120678298109554
0 0.23828125 0.6240425297596417 0.2828125 0.15164535499341075
0 0.4796875 0.5840407402374426 0.23125 0.12165787314378348
0 0.721875 0.4299809958947834 0.0328125 0.09394089754067192
0 0.88046875 0.4066849173413646 0.0390625 0.12053975897699054
0 0.95859375 0.6040144352953455 0.0828125 0.10048178903121965