0 0.7382913821207738 0.2703125 0.23219539734428024 0.1625
0 0.512319234580102 0.2375 0.23850902985783762 0.1734375
0 0.2548789184215191 0.1671875 0.28070562021691725 0.175
0 0.4606254452542946 0.34921875 0.19928290339440444 0.1453125
0 0.2314697312604522 0.440625 0.2790067648307229 0.1515625
0 0.4738753998783631 0.478125 0.23361245159900648 0.1375
0 0.33235499950902064 0.32421875 0.097684041958086 0.1390625
0 0.218125369627742 0.5640625 0.28050563231716563 0.140625
0 0.4620299057320955 0.590625 0.22878859621281206 0.1140625
0 0.7365572070599554 0.509375 0.03022383118569749 0.0921875
0 0.8960503817279903 0.5296875 0.03507495764913031 0.1203125
0 0.930889510921898 0.74375 0.10368860226293641 0.096875