0 0.20583937119887583 0.4758647080283168 0.09373286104353502 0.26669769867918125
0 0.5457745456705192 0.32981005740767844 0.1219124031980126 0.27639996268299927
0 0.6639114673134922 0.3022764980903595 0.13439422247985355 0.2734204133513628
0 0.7752262172152962 0.23872362277208606 0.10579652380771343 0.19184314934754482
0 0.8421217839630541 0.5582736014480856 0.09653969847574828 0.21204656134627217
0 0.6408587449318344 0.6387498000874959 0.11215560811666876 0.2106658746817267
0 0.27628718482337583 0.7220135493714074 0.13115104781181844 0.25307155068427195
0 0.2817776189593807 0.9849118966820448 0.12206589754067192 0.030176206635910318
0 0.4515270375772915 0.9482300566915898 0.1803147347764936 0.10353988661682045
0 0.6221122483496799 0.904317245703362 0.17456470452587247 0.191365508593276
0 0.7981480284039093 0.8648139554423586 0.21077491529826115 0.24306129869508944