0 0.24477998205758827 0.42421875 0.07156810669954394 0.2421875
0 0.5676442227084526 0.3078125 0.09822151336727121 0.25
0 0.6775822967059073 0.2890625 0.11066696936663475 0.2453125
0 0.7840044720321349 0.23671875 0.08793744668999892 0.171875
0 0.8312089254057694 0.53359375 0.07723630402608954 0.1921875
0 0.6413202694143599 0.596875 0.09284312269254436 0.190625
0 0.29902422875554135 0.6546875 0.10734197469763496 0.228125
0 0.2922406161282214 0.94453125 0.11379087468172652 0.1109375
0 0.45049801145763063 0.915625 0.16602608402290803 0.16875
0 0.61256165945254 0.878125 0.15750560669954403 0.2421875
0 0.7768690601129494 0.83203125 0.18566696936663477 0.2453125