0 0.23203125 0.43693133167667675 0.084375 0.25205337939029937
0 0.55703125 0.2991030369881163 0.109375 0.26001132513557323
0 0.66953125 0.27344853113438383 0.121875 0.2569590480082102
0 0.77578125 0.21267413671696983 0.096875 0.18025110226293622
0 0.83671875 0.5154446127128647 0.0875 0.20050906010845856
0 0.64453125 0.5907814768796577 0.1015625 0.19902837334017515
0 0.296875 0.6709290817748726 0.11875 0.2381908672900508
0 0.30078125 0.9529376058771735 0.1203125 0.09132495764913032
0 0.4625 0.9184030037124332 0.175 0.15883062021691713
0 0.6265625 0.8736985160090732 0.16875 0.23848175878059868
0 0.79375 0.8235070975875542 0.2 0.2621010659621909