0 0.49312678952219907 0.24716064206713328 0.2687146803253757 0.2656090080362711
0 0.8114495426454571 0.32430713411040396 0.3518907946885605 0.32907261871417964
0 0.35505760031802874 0.6119851160486796 0.134048788834828 0.21404541335136287
0 0.4378508778381752 0.8848419080601335 0.09480448165323559 0.1823408800127268
0 0.3422934590238727 0.7915362560470888 0.08527494554888211 0.1556692920114539
0 0.4996928685665972 0.7300822300684059 0.08544766237139498 0.1853567920114539
0 0.8911445703619953 0.7268241541215399 0.09852035499341057 0.28393974267981753
0 0.7181605465542819 0.9110493247135434 0.06670675273047451 0.17790135057291323
0 0.5880548900366195 0.9820788927036801 0.09712043969514958 0.03584221459263972
0 0.8216431958434697 0.049407131444903954 0.08482951795398108 0.07910679201145401
0 0.6552914879979475 0.03809581942231409 0.1659795240041051 0.06286472135581714
0 0.4443494428184076 0.036422589393679046 0.1628636143631848 0.06439085868872627