0 0.534375 0.22814109719477074 0.2734375 0.2703408128389331
0 0.83046875 0.31235597414918315 0.3390625 0.33634760792027707
0 0.38359375 0.5766745668459539 0.1390625 0.213309041958086
0 0.45234375 0.8442433410464506 0.1 0.18026928298109546
0 0.36328125 0.7502302415139889 0.090625 0.15521474082661796
0 0.51953125 0.6969774556060271 0.090625 0.1849022408266178
0 0.9 0.7064827031701402 0.1078125 0.28031473477649377
0 0.72265625 0.8934519589256767 0.0734375 0.20198974687674215
0 0.5921875 0.9606172539088249 0.096875 0.07243860226293641
0 0.8625 0.04966962178805102 0.0859375 0.07706246974937897
0 0.7015625 0.03341842877325164 0.1640625 0.06345448770335986
0 0.49765625 0.027692687062871035 0.1609375 0.05538537412574207