0 0.46328125 0.23550779146710665 0.2765625 0.2750464935570923
0 0.159375 0.303270966626121 0.31875 0.33935443325224207
0 0.5953125 0.6120571768093344 0.1390625 0.217996541958086
0 0.50390625 0.8865253908031766 0.0984375 0.18651019262201593
0 0.6046875 0.7949242189638122 0.0890625 0.15989315046753827
0 0.44453125 0.7275862071581513 0.0890625 0.18958065046753808
0 0.0484375 0.7096568011314681 0.096875 0.29118860226293625
0 0.21875 0.9051789002711464 0.0703125 0.18322156615858276
0 0.3484375 0.9805579018818733 0.0984375 0.03888419623625339
0 0.1328125 0.03202268052176751 0.0875 0.0630090601084586
0 0.303125 0.02598227966144584 0.16875 0.04941925878059872
0 0.51796875 0.028794704034893277 0.1671875 0.0525351684215191