0 0.61015625 0.47727518925050383 0.1390625 0.10630563868554468
0 0.603125 0.5859507552514583 0.128125 0.1389908693507264
0 0.4546875 0.5525217319382756 0.0921875 0.11044769867918128
0 0.46328125 0.6867967346037757 0.1015625 0.1230567866804538
0 0.55859375 0.7231876732575035 0.1 0.11991360534690845
0 0.66953125 0.7547092985757768 0.1109375 0.10597837468172652
0 0.53125 0.8180370965945489 0.278125 0.15636127737108935
0 0.33125 0.7641143072883658 0.11875 0.0904442813494537
0 0.19453125 0.6946114239735921 0.075 0.07587270401018138
0 0.28203125 0.8553120192950473 0.2109375 0.11964198002863498
0 0.45546875 0.9079813912715029 0.1234375 0.09362382535009033
0 0.7234375 0.867363292568459 0.103125 0.10901246801399936
0 0.84921875 0.9268371952180509 0.1 0.10897610534690827
0 0.75546875 0.4951155752307774 0.0859375 0.10256247334499946