0 0.60703125 0.41246780191759475 0.14375 0.10636018268618094
0 0.60546875 0.5281109832511401 0.1296875 0.1421340506842718
0 0.446875 0.5002688886060028 0.09375 0.11359088001272663
0 0.46328125 0.6414842346037757 0.1015625 0.12774428668045382
0 0.56640625 0.6754405165897762 0.1 0.12460110534690845
0 0.684375 0.7014115759070952 0.1125 0.1075590560152719
0 0.54140625 0.7772939179265034 0.2890625 0.15180104670590708
0 0.32890625 0.7297665792886839 0.121875 0.09048064401654479
0 0.18046875 0.6658688059755011 0.075 0.07899770401018139
0 0.28203125 0.8295307692950473 0.2203125 0.11506356802990751
0 0.4671875 0.874251281269912 0.1265625 0.09366018801718105
0 0.7484375 0.8178536412317319 0.1046875 0.1105931493475449
0 0.88203125 0.8741116372135963 0.1015625 0.11055678668045417
0 0.7609375 0.42395819056336836 0.0875 0.10570565467854483