0 0.39609375 0.4562893439733169 0.1359375 0.08985336123992678
0 0.38359375 0.5704245668459539 0.115625 0.12879768657189175
0 0.5453125 0.5601087146812134 0.0828125 0.10516928903121965
0 0.51171875 0.6993666574014252 0.0890625 0.11770565046753809
0 0.4046875 0.721083096998379 0.0890625 0.1145806504675381
0 0.28359375 0.7358500998270493 0.103125 0.09747496369925486
0 0.4171875 0.825697874125742 0.28125 0.11726126463433104
0 0.63515625 0.8009922690341353 0.115625 0.07723518657189174
0 0.79140625 0.7524269831261736 0.0671875 0.07070338544042354
0 0.66953125 0.9046985311343839 0.2140625 0.09030787919390733
0 0.47890625 0.9308075549420971 0.1203125 0.08038745764913066
0 0.20546875 0.8448983677810304 0.0953125 0.10055451190385653
0 0.06484375 0.8863415000981959 0.090625 0.10052724082661797
0 0.2421875 0.45093474434265934 0.0765625 0.0973204275949012